13.054789	1.7242882
10.979317	-0.46690798
1.143734	10.655962
7.6456165	11.941202
13.650001	6.46426
12.238969	9.457966
-2.060863	8.185038
-1.1203588	9.4538145
12.624152	2.1533253
12.400307	5.756681
-0.80192184	8.387277
13.036679	7.041233
12.825812	5.770335
-0.040028024	-3.0876036
7.0176945	12.539819
14.422843	5.765337
12.801877	1.5923898
-4.502596	4.0124245
13.328139	1.7205516
7.5439115	-0.32195616
3.1650088	5.5201254
14.012461	4.0839114
-4.4920087	4.624137
13.360512	7.050587
-2.7031672	3.2832842
2.6905844	4.8815327
2.1336129	11.417054
12.358173	9.830398
-3.7839746	2.925196
-0.652162	-2.7158086
-3.1062903	1.6025492
-2.3700213	6.707417
12.069089	0.48526186
-0.66871625	9.070682
12.618928	7.0073295
14.0598955	6.8441687
13.77347	6.2849507
-0.17008974	11.164064
-4.3223867	5.1117787
13.78911	4.287446
12.955974	2.2852974
3.2762885	11.680326
8.196078	-0.04826823
8.920478	-1.541311
7.703068	10.897039
12.476714	1.5579476
1.2638357	-2.500117
-1.3758847	8.434387
12.086391	9.508575
13.525036	6.17797
-4.353349	5.089757
12.74309	1.9416586
-2.2767396	-0.8492715
-1.8850609	7.489439
8.173182	0.9844308
11.482062	9.876603
10.386402	-0.975652
1.8211647	11.606598
-4.5608773	2.4807136
9.49827	-0.9678743
13.840272	2.1062865
1.1210597	7.061311
-2.4145074	-1.7474527
2.982057	12.073492
-3.205817	-0.15391664
9.3533325	12.445885
3.004919	5.2473493
8.019589	10.285625
-2.0573354	3.6816738
14.387849	5.4595423
12.5996275	4.1672463
-4.4083776	5.071239
2.0296898	7.0913305
-2.1673875	7.9222565
0.93922204	6.838003
12.72104	1.6115965
7.7999268	-0.17668764
2.3300974	8.160413
13.793467	3.9966934
7.805586	-1.2051089
4.5270596	11.721754
-1.3363273	-2.5217962
0.8093377	7.6114564
-0.0831918	-1.7480185

